3.195410781070469053e-01 6.105431960850086881e+00 3.667050270871887729e-01
2.087532740049215629e+00 5.222183175761499818e+00 1.868962199065818952e+00
3.256329793499965208e-01 1.427849772417561836e+00 4.568775429954087253e-01
1.770080092507772651e+00 4.900511016002226050e+00 2.403783013877415886e+00
1.599630705568882982e+00 2.547289163921891753e+00 9.646930835060516518e-01
4.292629767948521469e-01 2.917093652115172908e+00 1.477046585607428852e+00
4.466131623361177527e-01 1.624055190327022613e+00 2.005562616648283392e+00
5.600355755770668464e-01 5.419112433156995756e+00 1.372111793097664068e+00
1.113905290727519759e+00 2.776876667454798442e-01 6.861276733846544129e-01
1.037789806637941847e+00 1.950839822140802315e+00 1.969974470653935050e+00
1.168542608220175305e+00 7.346978298072610603e-01 2.327319257199530478e-01
5.205209965112711501e-01 3.402220717425493479e+00 1.289781367501577458e+00
7.114376144877011532e-01 4.138279860401985921e+00 6.644628399853428347e-01
2.136587648265102057e+00 6.118441852165978467e+00 1.545737875668667716e+00
8.427888859848624570e-01 4.435824632978093263e+00 9.218132627610680085e-01
1.299788391088937178e+00 5.912158892930290399e-01 1.371678373111214544e+00
6.774642623366131655e-01 3.875176982900806255e+00 1.376637564422480642e+00
3.496399600946719505e-02 4.285523955346071112e+00 7.509646061676282791e-01
1.082339190937243512e+00 3.391042204692131357e+00 1.826595620416033627e+00
2.420744015376538327e-01 5.153806636051656120e+00 2.392309408055381503e+00
9.586184254739084087e-01 1.754311469178744920e+00 1.021239656474853152e+00
7.954931757573525664e-01 1.608281271063054074e+00 2.170495202939326074e+00
5.024430514528001046e-01 1.896388257004106848e+00 5.394745330275479978e-01
1.797054769825542131e+00 2.831148657025308601e+00 1.457384741812118634e+00
6.887179320672337512e-01 5.560542560140404156e+00 6.390936381307347203e-01
1.542470311761986457e+00 4.875671858084851706e+00 1.208399181220355389e+00
2.374315085231795575e+00 1.414305511676464233e+00 7.286084410926232380e-01
1.142961087281323174e+00 4.935352618485531195e+00 1.089036905967545765e+00
1.445625964166820987e+00 5.370058251046765818e+00 1.737963115755219112e+00
1.233505631991225426e+00 2.853946207654002976e+00 1.923643129339136282e+00
8.972465330609904477e-01 2.987156901802624720e+00 1.940137212825897572e+00
5.870942402363316104e-01 3.799339184560422300e+00 1.259079018491741531e+00
9.718791101694025381e-01 4.348343946867919030e+00 1.764575623235874025e+00
1.491671274866079644e+00 1.672731898155465080e+00 7.940657721872187436e-01
1.345368883856995712e+00 5.671930596990190310e+00 1.699551145109437389e+00
1.740853020328807510e+00 4.186741237586485975e-02 9.961241641534865909e-01
2.281438923551077913e+00 4.361830223749755930e+00 1.269700100736212534e+00
1.347215671697942874e+00 1.760866254187532787e-01 2.125519334439975427e+00
6.058257193391193285e-01 5.796273483934896831e+00 2.810519151762208345e+00
9.424899227119105660e-01 4.109630748928208455e+00 1.959120647760148382e+00
1.514446503982085579e+00 4.566875161806327910e+00 6.186099203294364024e-01
7.511871449072143880e-01 5.254194189961078010e+00 2.445158461024617313e+00
1.292365614066411261e+00 4.615336620114590005e+00 1.588915101294938514e+00
9.215454477267853717e-01 4.193728039535217000e+00 2.292495644548271816e+00
1.406767919700890601e-01 1.420458951826340854e+00 2.624287822755602573e+00
9.598997843830592291e-01 5.275985280260148791e+00 2.338706353059938792e+00
5.850470338929243397e-01 3.202357221811421434e-02 2.427318415396719775e+00
1.237104223043160811e+00 5.264494269965715567e+00 1.289919788262670952e+00
1.528688722980753867e-01 5.194498477342442300e+00 1.047255556171228008e+00
2.222466309272840945e+00 3.067015020872411735e-01 1.710349776793803400e+00
1.492029802077008416e+00 3.596872373945502410e+00 2.805939178156519054e-01
7.633047318292210393e-02 1.408730198347389884e+00 1.454380432203463247e+00
8.979401741047555729e-01 2.021421870126975495e+00 1.456043961327415648e+00
8.151574484876468185e-01 5.704602307780040071e+00 3.573815382104069682e-01
9.173397101271090204e-01 4.463977766618323351e+00 1.433103637828750276e+00
1.184835400622506363e+00 1.184748336073587538e+00 2.119650982464030164e+00
5.750196350297526182e-01 2.435700396529720813e+00 1.790887868898119129e+00
1.374547430629864619e+00 1.207731140857521313e+00 1.368389989565571119e+00
4.902395852688546940e-01 5.281641798200300109e+00 1.184165674882609931e+00
4.967416260535362227e-01 3.941018504783161180e+00 1.084970165179811374e+00
4.388580199074392785e-01 4.029309479658202520e+00 1.817630040792277413e+00
9.389467453513274109e-02 3.474926167804514687e+00 1.039188809952973580e+00
1.318195977618758785e-01 1.918277907632403245e+00 1.349719389695426708e+00
1.162890544318343045e+00 1.267982038977974568e+00 1.919027310653209417e+00
9.433196350820127751e-01 2.093070039504946855e+00 1.058900542514247256e+00
1.582403622189420878e+00 3.951464374172644956e+00 1.644759423176938462e+00
4.015621919116674765e-01 3.971532504163433508e+00 2.069101786875376714e+00
5.252854019117595419e-01 9.038183342032147377e-03 1.502081682616994929e+00
1.606803420293478002e+00 4.998257740127593496e-01 2.607641997161960656e+00
1.362038253531052678e+00 4.334896266602028980e+00 2.503382042975992317e+00
1.323893791180520196e+00 6.220790336666975229e+00 1.422122420984788027e+00
6.721839616886615687e-01 3.380781360871753183e+00 2.712374533612858407e+00
2.225843464894402324e+00 2.410784283552789731e+00 2.318001772275349204e+00
2.576280001450080293e-01 3.764722770741908864e+00 1.678943010323696861e-01
1.146336692429688275e+00 8.713520161735306413e-01 1.551497964094381787e+00
1.315432272969663030e+00 2.866183856027731736e+00 1.775613460959042822e+00
1.067061997990954136e+00 7.689013920681881942e-01 1.030980637691200352e-01
1.179249217478213874e+00 5.279616490797390149e+00 1.892276432224872851e+00
3.777547784903640959e-01 3.516752663306434989e+00 1.743470302404431349e+00
3.690571506090357667e-01 6.227350406905515889e+00 1.742038800154753098e+00
1.409401164753517066e-01 5.830926831753711070e+00 2.663980274661454484e+00
1.557494846689212675e+00 2.835770534942362087e+00 9.245614053203664584e-01
9.455885578996935381e-01 4.707462078330754696e-01 2.714246762780438971e+00
1.306138075616173344e+00 4.652350971645576649e+00 1.896445477863515583e+00
1.778321345153315081e+00 3.164107094955880939e+00 1.642509418249693320e+00
1.213940776211469341e+00 5.255331300185416055e+00 1.222583530470412905e+00
1.071750127080722592e+00 2.414216133352978577e+00 1.883828693318290171e+00
7.608599896831027554e-01 1.629502264739486783e+00 8.195485262986749175e-01
5.224696224739439065e-01 2.377321394092446027e+00 2.704426495835361433e+00
7.909831507575417753e-01 4.034604966903065915e+00 2.806411330315145669e+00
1.248173598574802146e+00 1.789573158631190930e+00 1.454082783858895001e+00
1.699294205924978263e+00 1.998403723298844525e+00 2.291021383646063114e+00
1.987159443684779481e+00 5.738971421619523117e-01 2.789273893462469456e+00
6.053006696019254118e-01 5.071765471458293817e+00 2.601252397503361458e+00
1.296824577353582475e-01 4.463128384755141731e+00 2.088738742949257432e+00
8.091649018430544515e-01 3.042926191915272138e+00 1.557475782089401184e+00
1.532137749775104085e+00 3.475813089485615404e-01 2.582327311323127983e+00
1.008470647213169230e-01 8.167431224409530399e-01 2.743828655670372818e+00
3.661506058147095399e-01 5.356715809538030726e+00 1.655900077567727058e+00
1.631239049131101737e+00 1.765063681362409431e+00 5.393690880610839677e-01
